(kicad_pcb (version 20171130) (host pcbnew 5.1.4)

  (general
    (thickness 1.6)
    (drawings 111)
    (tracks 3364)
    (zones 0)
    (modules 280)
    (nets 51)
  )

  (page A4)
  (title_block
    (title Glogger)
    (rev 0.1)
    (company Kajus)
  )

  (layers
    (0 F.Cu signal)
    (31 B.Cu signal)
    (32 B.Adhes user)
    (33 F.Adhes user)
    (34 B.Paste user)
    (35 F.Paste user)
    (36 B.SilkS user)
    (37 F.SilkS user)
    (38 B.Mask user)
    (39 F.Mask user)
    (40 Dwgs.User user)
    (41 Cmts.User user)
    (42 Eco1.User user)
    (43 Eco2.User user)
    (44 Edge.Cuts user)
    (45 Margin user)
    (46 B.CrtYd user)
    (47 F.CrtYd user)
    (48 B.Fab user)
    (49 F.Fab user)
  )

  (setup
    (last_trace_width 0.25)
    (user_trace_width 0.3)
    (user_trace_width 0.4)
    (user_trace_width 0.5)
    (user_trace_width 0.6)
    (user_trace_width 0.8)
    (user_trace_width 1)
    (user_trace_width 2)
    (user_trace_width 2.3)
    (trace_clearance 0.2)
    (zone_clearance 0.25)
    (zone_45_only no)
    (trace_min 0.25)
    (via_size 0.8)
    (via_drill 0.4)
    (via_min_size 0.5)
    (via_min_drill 0.4)
    (uvia_size 0.3)
    (uvia_drill 0.1)
    (uvias_allowed no)
    (uvia_min_size 0.2)
    (uvia_min_drill 0.1)
    (edge_width 0.05)
    (segment_width 0.2)
    (pcb_text_width 0.3)
    (pcb_text_size 1.5 1.5)
    (mod_edge_width 0.12)
    (mod_text_size 1 1)
    (mod_text_width 0.15)
    (pad_size 4 1.4)
    (pad_drill 3.2)
    (pad_to_mask_clearance 0.051)
    (solder_mask_min_width 0.25)
    (aux_axis_origin 0 0)
    (visible_elements FFFDFF7F)
    (pcbplotparams
      (layerselection 0x010fc_ffffffff)
      (usegerberextensions false)
      (usegerberattributes false)
      (usegerberadvancedattributes false)
      (creategerberjobfile false)
      (excludeedgelayer true)
      (linewidth 0.100000)
      (plotframeref false)
      (viasonmask false)
      (mode 1)
      (useauxorigin false)
      (hpglpennumber 1)
      (hpglpenspeed 20)
      (hpglpendiameter 15.000000)
      (psnegative false)
      (psa4output false)
      (plotreference true)
      (plotvalue true)
      (plotinvisibletext false)
      (padsonsilk false)
      (subtractmaskfromsilk false)
      (outputformat 1)
      (mirror false)
      (drillshape 0)
      (scaleselection 1)
      (outputdirectory "gerber"))
  )

  (net 0 "")
  (net 1 +3V3)
  (net 2 GND)
  (net 3 "Net-(C2-Pad1)")
  (net 4 "Net-(C3-Pad1)")
  (net 5 /RST)
  (net 6 /USB_CON)
  (net 7 "Net-(C16-Pad1)")
  (net 8 "Net-(C18-Pad1)")
  (net 9 "Net-(C19-Pad1)")
  (net 10 "Net-(C19-Pad2)")
  (net 11 "Net-(C20-Pad2)")
  (net 12 "Net-(C20-Pad1)")
  (net 13 +5V)
  (net 14 VCC)
  (net 15 "Net-(D1-Pad2)")
  (net 16 /LED_STATUS)
  (net 17 "Net-(D2-Pad1)")
  (net 18 "Net-(D2-Pad2)")
  (net 19 /Battery/V_BAT)
  (net 20 /SWCLK)
  (net 21 /SWDIO)
  (net 22 /DEBUG_RX)
  (net 23 /DEBUG_TX)
  (net 24 "Net-(J4-Pad2)")
  (net 25 "Net-(J4-Pad3)")
  (net 26 "Net-(J4-Pad4)")
  (net 27 "Net-(J5-Pad1)")
  (net 28 /LCD_RES)
  (net 29 /SCK)
  (net 30 /SDA)
  (net 31 "Net-(J6-Pad26)")
  (net 32 "Net-(Q1-Pad3)")
  (net 33 /SCL)
  (net 34 "Net-(R5-Pad1)")
  (net 35 /SW_NEXT)
  (net 36 /SW_ENTER)
  (net 37 "Net-(R10-Pad2)")
  (net 38 /USB_DP)
  (net 39 /USB_DM)
  (net 40 "Net-(R15-Pad1)")
  (net 41 /CHRG_DISABLE)
  (net 42 /VOLTAGE)
  (net 43 /CHARGING)
  (net 44 /~MEAS_EN)
  (net 45 /GPS_TX)
  (net 46 /GPS_RX)
  (net 47 /FLASH_CS)
  (net 48 /MISO)
  (net 49 /MOSI)
  (net 50 "Net-(R3-Pad1)")

  (net_class Default "Toto je výchozí třída sítě."
    (clearance 0.2)
    (trace_width 0.25)
    (via_dia 0.8)
    (via_drill 0.4)
    (uvia_dia 0.3)
    (uvia_drill 0.1)
    (diff_pair_width 0.3)
    (diff_pair_gap 0.3)
    (add_net +3V3)
    (add_net +5V)
    (add_net /Battery/V_BAT)
    (add_net /CHARGING)
    (add_net /CHRG_DISABLE)
    (add_net /DEBUG_RX)
    (add_net /DEBUG_TX)
    (add_net /FLASH_CS)
    (add_net /GPS_RX)
    (add_net /GPS_TX)
    (add_net /LCD_RES)
    (add_net /LED_STATUS)
    (add_net /MISO)
    (add_net /MOSI)
    (add_net /RST)
    (add_net /SCK)
    (add_net /SCL)
    (add_net /SDA)
    (add_net /SWCLK)
    (add_net /SWDIO)
    (add_net /SW_ENTER)
    (add_net /SW_NEXT)
    (add_net /USB_CON)
    (add_net /USB_DM)
    (add_net /USB_DP)
    (add_net /VOLTAGE)
    (add_net /~MEAS_EN)
    (add_net GND)
    (add_net "Net-(C16-Pad1)")
    (add_net "Net-(C18-Pad1)")
    (add_net "Net-(C19-Pad1)")
    (add_net "Net-(C19-Pad2)")
    (add_net "Net-(C2-Pad1)")
    (add_net "Net-(C20-Pad1)")
    (add_net "Net-(C20-Pad2)")
    (add_net "Net-(C3-Pad1)")
    (add_net "Net-(D1-Pad2)")
    (add_net "Net-(D2-Pad1)")
    (add_net "Net-(D2-Pad2)")
    (add_net "Net-(J4-Pad2)")
    (add_net "Net-(J4-Pad3)")
    (add_net "Net-(J4-Pad4)")
    (add_net "Net-(J5-Pad1)")
    (add_net "Net-(J6-Pad26)")
    (add_net "Net-(Q1-Pad3)")
    (add_net "Net-(R10-Pad2)")
    (add_net "Net-(R15-Pad1)")
    (add_net "Net-(R3-Pad1)")
    (add_net "Net-(R5-Pad1)")
    (add_net VCC)
  )

  (module Connector_Wire:SolderWirePad_1x01_Drill0.8mm (layer F.Cu) (tedit 5D7BB0C0) (tstamp 5D8519DD)
    (at 107.2 167.4 270)
    (descr "Wire solder connection")
    (tags connector)
    (path /5D734EC5)
    (attr virtual)
    (fp_text reference J7 (at 0 -2.54 90) (layer F.SilkS) hide
      (effects (font (size 1 1) (thickness 0.15)))
    )
    (fp_text value BAT- (at 0 2.54 90) (layer F.Fab)
      (effects (font (size 1 1) (thickness 0.15)))
    )
    (fp_text user %R (at 0 0 90) (layer F.Fab)
      (effects (font (size 1 1) (thickness 0.15)))
    )
    (fp_line (start -1.5 -1.5) (end 1.5 -1.5) (layer F.CrtYd) (width 0.05))
    (fp_line (start -1.5 -1.5) (end -1.5 1.5) (layer F.CrtYd) (width 0.05))
    (fp_line (start 1.5 1.5) (end 1.5 -1.5) (layer F.CrtYd) (width 0.05))
    (fp_line (start 1.5 1.5) (end -1.5 1.5) (layer F.CrtYd) (width 0.05))
    (pad 1 thru_hole oval (at 0 0 270) (size 4 1.4) (drill oval 3.2 0.5) (layers *.Cu *.Mask))
  )

  (module Connector_Wire:SolderWirePad_1x01_Drill0.8mm (layer F.Cu) (tedit 5D7BB085) (tstamp 5D8519D1)
    (at 67.6 167.4 90)
    (descr "Wire solder connection")
    (tags connector)
    (path /5D7347B3)
    (attr virtual)
    (fp_text reference J1 (at 0 -2.54 90) (layer F.SilkS) hide
      (effects (font (size 1 1) (thickness 0.15)))
    )
    (fp_text value BAT+ (at 0 2.54 90) (layer F.Fab)
      (effects (font (size 1 1) (thickness 0.15)))
    )
    (fp_text user %R (at 0 0 90) (layer F.Fab)
      (effects (font (size 1 1) (thickness 0.15)))
    )
    (fp_line (start -1.5 -1.5) (end 1.5 -1.5) (layer F.CrtYd) (width 0.05))
    (fp_line (start -1.5 -1.5) (end -1.5 1.5) (layer F.CrtYd) (width 0.05))
    (fp_line (start 1.5 1.5) (end 1.5 -1.5) (layer F.CrtYd) (width 0.05))
    (fp_line (start 1.5 1.5) (end -1.5 1.5) (layer F.CrtYd) (width 0.05))
    (pad 1 thru_hole oval (at 0 0 90) (size 4 1.4) (drill oval 3.2 0.5) (layers *.Cu *.Mask))
  )

  (module MountingHole:MountingHole_3.2mm_M3 (layer F.Cu) (tedit 56D1B4CB) (tstamp 5D8519CA)
    (at 69.9 132.6)
    (descr "Mounting Hole 3.2mm, no annular, M3")
    (tags "mounting hole 3.2mm no annular m3")
    (attr virtual)
    (fp_text reference REF** (at 0 -4.2) (layer F.SilkS) hide
      (effects (font (size 1 1) (thickness 0.15)))
    )
    (fp_text value MountingHole_3.2mm_M3 (at 0 4.2) (layer F.Fab)
      (effects (font (size 1 1) (thickness 0.15)))
    )
    (fp_text user %R (at 0.3 0) (layer F.Fab)
      (effects (font (size 1 1) (thickness 0.15)))
    )
    (fp_circle (center 0 0) (end 3.2 0) (layer Cmts.User) (width 0.15))
    (fp_circle (center 0 0) (end 3.45 0) (layer F.CrtYd) (width 0.05))
    (pad 1 np_thru_hole circle (at 0 0) (size 3.2 3.2) (drill 3.2) (layers *.Cu *.Mask))
  )

  (module Connector_Wire:SolderWirePad_1x01_Drill0.8mm (layer F.Cu) (tedit 5D7BB0C0) (tstamp 5D8519C0)
    (at 154.9 167.4 270)
    (descr "Wire solder connection")
    (tags connector)
    (path /5D734EC5)
    (attr virtual)
    (fp_text reference J7 (at 0 -2.54 90) (layer F.SilkS) hide
      (effects (font (size 1 1) (thickness 0.15)))
    )
    (fp_text value BAT- (at 0 2.54 90) (layer F.Fab)
      (effects (font (size 1 1) (thickness 0.15)))
    )
    (fp_line (start 1.5 1.5) (end -1.5 1.5) (layer F.CrtYd) (width 0.05))
    (fp_line (start 1.5 1.5) (end 1.5 -1.5) (layer F.CrtYd) (width 0.05))
    (fp_line (start -1.5 -1.5) (end -1.5 1.5) (layer F.CrtYd) (width 0.05))
    (fp_line (start -1.5 -1.5) (end 1.5 -1.5) (layer F.CrtYd) (width 0.05))
    (fp_text user %R (at 0 0 90) (layer F.Fab)
      (effects (font (size 1 1) (thickness 0.15)))
    )
    (pad 1 thru_hole oval (at 0 0 270) (size 4 1.4) (drill oval 3.2 0.5) (layers *.Cu *.Mask))
  )

  (module Package_SO:SOIC-8_5.275x5.275mm_P1.27mm (layer B.Cu) (tedit 5CF507E8) (tstamp 5D851997)
    (at 132.875 145.6)
    (descr "SOIC, 8 Pin (http://ww1.microchip.com/downloads/en/DeviceDoc/20005045C.pdf#page=23), generated with kicad-footprint-generator ipc_gullwing_generator.py")
    (tags "SOIC SO")
    (path /5D0C67EF)
    (attr smd)
    (fp_text reference U3 (at 0.2 -3.625 180) (layer B.SilkS)
      (effects (font (size 1 1) (thickness 0.15)) (justify mirror))
    )
    (fp_text value SST26VF032BT-104I/SM (at 0 -3.59 180) (layer B.Fab)
      (effects (font (size 1 1) (thickness 0.15)) (justify mirror))
    )
    (fp_line (start 0 -2.7475) (end 2.7475 -2.7475) (layer B.SilkS) (width 0.12))
    (fp_line (start 2.7475 -2.7475) (end 2.7475 -2.465) (layer B.SilkS) (width 0.12))
    (fp_line (start 0 -2.7475) (end -2.7475 -2.7475) (layer B.SilkS) (width 0.12))
    (fp_line (start -2.7475 -2.7475) (end -2.7475 -2.465) (layer B.SilkS) (width 0.12))
    (fp_line (start 0 2.7475) (end 2.7475 2.7475) (layer B.SilkS) (width 0.12))
    (fp_line (start 2.7475 2.7475) (end 2.7475 2.465) (layer B.SilkS) (width 0.12))
    (fp_line (start 0 2.7475) (end -2.7475 2.7475) (layer B.SilkS) (width 0.12))
    (fp_line (start -2.7475 2.7475) (end -2.7475 2.465) (layer B.SilkS) (width 0.12))
    (fp_line (start -2.7475 2.465) (end -4.4 2.465) (layer B.SilkS) (width 0.12))
    (fp_line (start -1.6375 2.6375) (end 2.6375 2.6375) (layer B.Fab) (width 0.1))
    (fp_line (start 2.6375 2.6375) (end 2.6375 -2.6375) (layer B.Fab) (width 0.1))
    (fp_line (start 2.6375 -2.6375) (end -2.6375 -2.6375) (layer B.Fab) (width 0.1))
    (fp_line (start -2.6375 -2.6375) (end -2.6375 1.6375) (layer B.Fab) (width 0.1))
    (fp_line (start -2.6375 1.6375) (end -1.6375 2.6375) (layer B.Fab) (width 0.1))
    (fp_line (start -4.65 2.89) (end -4.65 -2.89) (layer B.CrtYd) (width 0.05))
    (fp_line (start -4.65 -2.89) (end 4.65 -2.89) (layer B.CrtYd) (width 0.05))
    (fp_line (start 4.65 -2.89) (end 4.65 2.89) (layer B.CrtYd) (width 0.05))
    (fp_line (start 4.65 2.89) (end -4.65 2.89) (layer B.CrtYd) (width 0.05))
    (fp_text user %R (at 0 0 180) (layer B.Fab)
      (effects (font (size 1 1) (thickness 0.15)) (justify mirror))
    )
    (pad 1 smd roundrect (at -3.6 1.905) (size 1.6 0.6) (layers B.Cu B.Paste B.Mask) (roundrect_rratio 0.25))
    (pad 2 smd roundrect (at -3.6 0.635) (size 1.6 0.6) (layers B.Cu B.Paste B.Mask) (roundrect_rratio 0.25))
    (pad 3 smd roundrect (at -3.6 -0.635) (size 1.6 0.6) (layers B.Cu B.Paste B.Mask) (roundrect_rratio 0.25))
    (pad 4 smd roundrect (at -3.6 -1.905) (size 1.6 0.6) (layers B.Cu B.Paste B.Mask) (roundrect_rratio 0.25))
    (pad 5 smd roundrect (at 3.6 -1.905) (size 1.6 0.6) (layers B.Cu B.Paste B.Mask) (roundrect_rratio 0.25))
    (pad 6 smd roundrect (at 3.6 -0.635) (size 1.6 0.6) (layers B.Cu B.Paste B.Mask) (roundrect_rratio 0.25))
    (pad 7 smd roundrect (at 3.6 0.635) (size 1.6 0.6) (layers B.Cu B.Paste B.Mask) (roundrect_rratio 0.25))
    (pad 8 smd roundrect (at 3.6 1.905) (size 1.6 0.6) (layers B.Cu B.Paste B.Mask) (roundrect_rratio 0.25))
    (model ${KISYS3DMOD}/Package_SO.3dshapes/SOIC-8_5.275x5.275mm_P1.27mm.wrl
      (at (xyz 0 0 0))
      (scale (xyz 1 1 1))
      (rotate (xyz 0 0 0))
    )
  )

  (module Connector_Wire:SolderWirePad_1x01_Drill0.8mm (layer F.Cu) (tedit 5D7BB085) (tstamp 5D85198B)
    (at 115.3 167.4 90)
    (descr "Wire solder connection")
    (tags connector)
    (path /5D7347B3)
    (attr virtual)
    (fp_text reference J1 (at 0 -2.54 90) (layer F.SilkS) hide
      (effects (font (size 1 1) (thickness 0.15)))
    )
    (fp_text value BAT+ (at 0 2.54 90) (layer F.Fab)
      (effects (font (size 1 1) (thickness 0.15)))
    )
    (fp_line (start 1.5 1.5) (end -1.5 1.5) (layer F.CrtYd) (width 0.05))
    (fp_line (start 1.5 1.5) (end 1.5 -1.5) (layer F.CrtYd) (width 0.05))
    (fp_line (start -1.5 -1.5) (end -1.5 1.5) (layer F.CrtYd) (width 0.05))
    (fp_line (start -1.5 -1.5) (end 1.5 -1.5) (layer F.CrtYd) (width 0.05))
    (fp_text user %R (at 0 0 90) (layer F.Fab)
      (effects (font (size 1 1) (thickness 0.15)))
    )
    (pad 1 thru_hole oval (at 0 0 90) (size 4 1.4) (drill oval 3.2 0.5) (layers *.Cu *.Mask))
  )

  (module MountingHole:MountingHole_3.2mm_M3 (layer F.Cu) (tedit 56D1B4CB) (tstamp 5D851983)
    (at 117.6 132.6)
    (descr "Mounting Hole 3.2mm, no annular, M3")
    (tags "mounting hole 3.2mm no annular m3")
    (attr virtual)
    (fp_text reference REF** (at 0 -4.2) (layer F.SilkS) hide
      (effects (font (size 1 1) (thickness 0.15)))
    )
    (fp_text value MountingHole_3.2mm_M3 (at 0 4.2) (layer F.Fab)
      (effects (font (size 1 1) (thickness 0.15)))
    )
    (fp_circle (center 0 0) (end 3.45 0) (layer F.CrtYd) (width 0.05))
    (fp_circle (center 0 0) (end 3.2 0) (layer Cmts.User) (width 0.15))
    (fp_text user %R (at 0.3 0) (layer F.Fab)
      (effects (font (size 1 1) (thickness 0.15)))
    )
    (pad 1 np_thru_hole circle (at 0 0) (size 3.2 3.2) (drill 3.2) (layers *.Cu *.Mask))
  )

  (module Capacitor_SMD:C_0603_1608Metric (layer B.Cu) (tedit 5B301BBE) (tstamp 5D851820)
    (at 135.6375 157.6)
    (descr "Capacitor SMD 0603 (1608 Metric), square (rectangular) end terminal, IPC_7351 nominal, (Body size source: http://www.tortai-tech.com/upload/download/2011102023233369053.pdf), generated with kicad-footprint-generator")
    (tags capacitor)
    (path /5DA5031F)
    (attr smd)
    (fp_text reference C4 (at -0.0125 3.15 180) (layer B.SilkS)
      (effects (font (size 1 1) (thickness 0.15)) (justify mirror))
    )
    (fp_text value 100n (at 0 -1.43 180) (layer B.Fab)
      (effects (font (size 1 1) (thickness 0.15)) (justify mirror))
    )
    (fp_text user %R (at 0 0 180) (layer B.Fab)
      (effects (font (size 0.4 0.4) (thickness 0.06)) (justify mirror))
    )
    (fp_line (start 1.48 -0.73) (end -1.48 -0.73) (layer B.CrtYd) (width 0.05))
    (fp_line (start 1.48 0.73) (end 1.48 -0.73) (layer B.CrtYd) (width 0.05))
    (fp_line (start -1.48 0.73) (end 1.48 0.73) (layer B.CrtYd) (width 0.05))
    (fp_line (start -1.48 -0.73) (end -1.48 0.73) (layer B.CrtYd) (width 0.05))
    (fp_line (start -0.162779 -0.51) (end 0.162779 -0.51) (layer B.SilkS) (width 0.12))
    (fp_line (start -0.162779 0.51) (end 0.162779 0.51) (layer B.SilkS) (width 0.12))
    (fp_line (start 0.8 -0.4) (end -0.8 -0.4) (layer B.Fab) (width 0.1))
    (fp_line (start 0.8 0.4) (end 0.8 -0.4) (layer B.Fab) (width 0.1))
    (fp_line (start -0.8 0.4) (end 0.8 0.4) (layer B.Fab) (width 0.1))
    (fp_line (start -0.8 -0.4) (end -0.8 0.4) (layer B.Fab) (width 0.1))
    (pad 2 smd roundrect (at 0.7875 0) (size 0.875 0.95) (layers B.Cu B.Paste B.Mask) (roundrect_rratio 0.25))
    (pad 1 smd roundrect (at -0.7875 0) (size 0.875 0.95) (layers B.Cu B.Paste B.Mask) (roundrect_rratio 0.25))
    (model ${KISYS3DMOD}/Capacitor_SMD.3dshapes/C_0603_1608Metric.wrl
      (at (xyz 0 0 0))
      (scale (xyz 1 1 1))
      (rotate (xyz 0 0 0))
    )
  )

  (module Capacitor_SMD:C_0603_1608Metric (layer B.Cu) (tedit 5B301BBE) (tstamp 5D85180D)
    (at 134.725 151.8875 270)
    (descr "Capacitor SMD 0603 (1608 Metric), square (rectangular) end terminal, IPC_7351 nominal, (Body size source: http://www.tortai-tech.com/upload/download/2011102023233369053.pdf), generated with kicad-footprint-generator")
    (tags capacitor)
    (path /5DBA988C)
    (attr smd)
    (fp_text reference C10 (at -2.1875 -0.4 180) (layer B.SilkS)
      (effects (font (size 1 1) (thickness 0.15)) (justify mirror))
    )
    (fp_text value 100n (at 0 -1.43 90) (layer B.Fab)
      (effects (font (size 1 1) (thickness 0.15)) (justify mirror))
    )
    (fp_line (start -0.8 -0.4) (end -0.8 0.4) (layer B.Fab) (width 0.1))
    (fp_line (start -0.8 0.4) (end 0.8 0.4) (layer B.Fab) (width 0.1))
    (fp_line (start 0.8 0.4) (end 0.8 -0.4) (layer B.Fab) (width 0.1))
    (fp_line (start 0.8 -0.4) (end -0.8 -0.4) (layer B.Fab) (width 0.1))
    (fp_line (start -0.162779 0.51) (end 0.162779 0.51) (layer B.SilkS) (width 0.12))
    (fp_line (start -0.162779 -0.51) (end 0.162779 -0.51) (layer B.SilkS) (width 0.12))
    (fp_line (start -1.48 -0.73) (end -1.48 0.73) (layer B.CrtYd) (width 0.05))
    (fp_line (start -1.48 0.73) (end 1.48 0.73) (layer B.CrtYd) (width 0.05))
    (fp_line (start 1.48 0.73) (end 1.48 -0.73) (layer B.CrtYd) (width 0.05))
    (fp_line (start 1.48 -0.73) (end -1.48 -0.73) (layer B.CrtYd) (width 0.05))
    (fp_text user %R (at 0 0 90) (layer B.Fab)
      (effects (font (size 0.4 0.4) (thickness 0.06)) (justify mirror))
    )
    (pad 1 smd roundrect (at -0.7875 0 270) (size 0.875 0.95) (layers B.Cu B.Paste B.Mask) (roundrect_rratio 0.25))
    (pad 2 smd roundrect (at 0.7875 0 270) (size 0.875 0.95) (layers B.Cu B.Paste B.Mask) (roundrect_rratio 0.25))
    (model ${KISYS3DMOD}/Capacitor_SMD.3dshapes/C_0603_1608Metric.wrl
      (at (xyz 0 0 0))
      (scale (xyz 1 1 1))
      (rotate (xyz 0 0 0))
    )
  )

  (module Connector_USB:USB_Micro-B_Amphenol_10103594-0001LF_Horizontal (layer B.Cu) (tedit 5A1DC0BD) (tstamp 5D8517E3)
    (at 153.2 148.7 270)
    (descr "Micro USB Type B 10103594-0001LF, http://cdn.amphenol-icc.com/media/wysiwyg/files/drawing/10103594.pdf")
    (tags "USB USB_B USB_micro USB_OTG")
    (path /5D2D6522)
    (attr smd)
    (fp_text reference J4 (at 1.925 3.365 90) (layer B.SilkS) hide
      (effects (font (size 1 1) (thickness 0.15)) (justify mirror))
    )
    (fp_text value USB_B_Micro (at -0.025 -4.435 90) (layer B.Fab)
      (effects (font (size 1 1) (thickness 0.15)) (justify mirror))
    )
    (fp_line (start 4.14 -3.58) (end -4.13 -3.58) (layer B.CrtYd) (width 0.05))
    (fp_line (start 4.14 -3.58) (end 4.14 2.88) (layer B.CrtYd) (width 0.05))
    (fp_line (start -4.13 2.88) (end -4.13 -3.58) (layer B.CrtYd) (width 0.05))
    (fp_line (start -4.13 2.88) (end 4.14 2.88) (layer B.CrtYd) (width 0.05))
    (fp_line (start -4.025 -2.835) (end 3.975 -2.835) (layer Dwgs.User) (width 0.1))
    (fp_line (start -3.775 -3.335) (end -3.775 0.865) (layer B.Fab) (width 0.12))
    (fp_line (start -2.975 1.615) (end 3.725 1.615) (layer B.Fab) (width 0.12))
    (fp_line (start 3.725 1.615) (end 3.725 -3.335) (layer B.Fab) (width 0.12))
    (fp_line (start 3.725 -3.335) (end -3.775 -3.335) (layer B.Fab) (width 0.12))
    (fp_line (start -3.775 0.865) (end -2.975 1.615) (layer B.Fab) (width 0.12))
    (fp_line (start -1.325 2.865) (end -1.725 3.315) (layer B.SilkS) (width 0.12))
    (fp_line (start -1.725 3.315) (end -0.925 3.315) (layer B.SilkS) (width 0.12))
    (fp_line (start -0.925 3.315) (end -1.325 2.865) (layer B.SilkS) (width 0.12))
    (fp_line (start 3.825 -2.735) (end 3.825 0.065) (layer B.SilkS) (width 0.12))
    (fp_line (start 3.825 0.065) (end 4.125 0.065) (layer B.SilkS) (width 0.12))
    (fp_line (start 4.125 0.065) (end 4.125 1.615) (layer B.SilkS) (width 0.12))
    (fp_line (start -3.875 -2.735) (end -3.875 0.065) (layer B.SilkS) (width 0.12))
    (fp_line (start -4.175 0.065) (end -3.875 0.065) (layer B.SilkS) (width 0.12))
    (fp_line (start -4.175 0.065) (end -4.175 1.615) (layer B.SilkS) (width 0.12))
    (fp_text user %R (at -0.025 0.015 90) (layer B.Fab)
      (effects (font (size 1 1) (thickness 0.15)) (justify mirror))
    )
    (fp_text user "PCB edge" (at -0.025 -2.235 90) (layer Dwgs.User)
      (effects (font (size 0.5 0.5) (thickness 0.075)))
    )
    (pad 6 smd rect (at 0.935 -1.385 180) (size 2.5 1.43) (layers B.Cu B.Paste B.Mask))
    (pad 6 smd rect (at -0.985 -1.385 180) (size 2.5 1.43) (layers B.Cu B.Paste B.Mask))
    (pad 6 thru_hole oval (at 2.705 -1.115 180) (size 1.7 1.35) (drill oval 1.2 0.7) (layers *.Cu *.Mask))
    (pad 6 thru_hole oval (at -2.755 -1.115 180) (size 1.7 1.35) (drill oval 1.2 0.7) (layers *.Cu *.Mask))
    (pad 6 thru_hole oval (at 2.395 1.885 180) (size 1.5 1.1) (drill oval 1.05 0.65) (layers *.Cu *.Mask))
    (pad 6 thru_hole oval (at -2.445 1.885 180) (size 1.5 1.1) (drill oval 1.05 0.65) (layers *.Cu *.Mask))
    (pad 5 smd rect (at 1.275 1.765 180) (size 1.65 0.4) (layers B.Cu B.Paste B.Mask))
    (pad 4 smd rect (at 0.625 1.765 180) (size 1.65 0.4) (layers B.Cu B.Paste B.Mask))
    (pad 3 smd rect (at -0.025 1.765 180) (size 1.65 0.4) (layers B.Cu B.Paste B.Mask))
    (pad 2 smd rect (at -0.675 1.765 180) (size 1.65 0.4) (layers B.Cu B.Paste B.Mask))
    (pad 1 smd rect (at -1.325 1.765 180) (size 1.65 0.4) (layers B.Cu B.Paste B.Mask))
    (pad 6 smd rect (at 2.875 1.885 270) (size 2 1.5) (layers B.Cu B.Paste B.Mask))
    (pad 6 smd rect (at -2.875 1.865 270) (size 2 1.5) (layers B.Cu B.Paste B.Mask))
    (pad 6 smd rect (at 2.975 0.565 270) (size 1.825 0.7) (layers B.Cu B.Paste B.Mask))
    (pad 6 smd rect (at -2.975 0.565 270) (size 1.825 0.7) (layers B.Cu B.Paste B.Mask))
    (pad 6 smd rect (at -2.755 -0.185 270) (size 1.35 2) (layers B.Cu B.Paste B.Mask))
    (pad 6 smd rect (at 2.725 -0.185 270) (size 1.35 2) (layers B.Cu B.Paste B.Mask))
    (model ${KISYS3DMOD}/Connector_USB.3dshapes/USB_Micro-B_Amphenol_10103594-0001LF_Horizontal.wrl
      (at (xyz 0 0 0))
      (scale (xyz 1 1 1))
      (rotate (xyz 0 0 0))
    )
  )

  (module Package_TO_SOT_SMD:SOT-23 (layer B.Cu) (tedit 5A02FF57) (tstamp 5D8517CF)
    (at 121.95 158.95 270)
    (descr "SOT-23, Standard")
    (tags SOT-23)
    (path /5D6C9B02/5D63AD85)
    (attr smd)
    (fp_text reference Q2 (at 2.475 -0.15 180) (layer B.SilkS)
      (effects (font (size 1 1) (thickness 0.15)) (justify mirror))
    )
    (fp_text value DMG2307L (at 0 -2.5 90) (layer B.Fab)
      (effects (font (size 1 1) (thickness 0.15)) (justify mirror))
    )
    (fp_text user %R (at 0 0 180) (layer B.Fab)
      (effects (font (size 0.5 0.5) (thickness 0.075)) (justify mirror))
    )
    (fp_line (start -0.7 0.95) (end -0.7 -1.5) (layer B.Fab) (width 0.1))
    (fp_line (start -0.15 1.52) (end 0.7 1.52) (layer B.Fab) (width 0.1))
    (fp_line (start -0.7 0.95) (end -0.15 1.52) (layer B.Fab) (width 0.1))
    (fp_line (start 0.7 1.52) (end 0.7 -1.52) (layer B.Fab) (width 0.1))
    (fp_line (start -0.7 -1.52) (end 0.7 -1.52) (layer B.Fab) (width 0.1))
    (fp_line (start 0.76 -1.58) (end 0.76 -0.65) (layer B.SilkS) (width 0.12))
    (fp_line (start 0.76 1.58) (end 0.76 0.65) (layer B.SilkS) (width 0.12))
    (fp_line (start -1.7 1.75) (end 1.7 1.75) (layer B.CrtYd) (width 0.05))
    (fp_line (start 1.7 1.75) (end 1.7 -1.75) (layer B.CrtYd) (width 0.05))
    (fp_line (start 1.7 -1.75) (end -1.7 -1.75) (layer B.CrtYd) (width 0.05))
    (fp_line (start -1.7 -1.75) (end -1.7 1.75) (layer B.CrtYd) (width 0.05))
    (fp_line (start 0.76 1.58) (end -1.4 1.58) (layer B.SilkS) (width 0.12))
    (fp_line (start 0.76 -1.58) (end -0.7 -1.58) (layer B.SilkS) (width 0.12))
    (pad 1 smd rect (at -1 0.95 270) (size 0.9 0.8) (layers B.Cu B.Paste B.Mask))
    (pad 2 smd rect (at -1 -0.95 270) (size 0.9 0.8) (layers B.Cu B.Paste B.Mask))
    (pad 3 smd rect (at 1 0 270) (size 0.9 0.8) (layers B.Cu B.Paste B.Mask))
    (model ${KISYS3DMOD}/Package_TO_SOT_SMD.3dshapes/SOT-23.wrl
      (at (xyz 0 0 0))
      (scale (xyz 1 1 1))
      (rotate (xyz 0 0 0))
    )
  )

  (module Capacitor_SMD:C_0603_1608Metric (layer F.Cu) (tedit 5B301BBE) (tstamp 5D8517BF)
    (at 144.5 174.3 270)
    (descr "Capacitor SMD 0603 (1608 Metric), square (rectangular) end terminal, IPC_7351 nominal, (Body size source: http://www.tortai-tech.com/upload/download/2011102023233369053.pdf), generated with kicad-footprint-generator")
    (tags capacitor)
    (path /5D1D1783)
    (attr smd)
    (fp_text reference C18 (at -0.1875 -8.575 90) (layer F.SilkS)
      (effects (font (size 1 1) (thickness 0.15)))
    )
    (fp_text value 10u (at 0 1.43 90) (layer F.Fab)
      (effects (font (size 1 1) (thickness 0.15)))
    )
    (fp_line (start -0.8 0.4) (end -0.8 -0.4) (layer F.Fab) (width 0.1))
    (fp_line (start -0.8 -0.4) (end 0.8 -0.4) (layer F.Fab) (width 0.1))
    (fp_line (start 0.8 -0.4) (end 0.8 0.4) (layer F.Fab) (width 0.1))
    (fp_line (start 0.8 0.4) (end -0.8 0.4) (layer F.Fab) (width 0.1))
    (fp_line (start -0.162779 -0.51) (end 0.162779 -0.51) (layer F.SilkS) (width 0.12))
    (fp_line (start -0.162779 0.51) (end 0.162779 0.51) (layer F.SilkS) (width 0.12))
    (fp_line (start -1.48 0.73) (end -1.48 -0.73) (layer F.CrtYd) (width 0.05))
    (fp_line (start -1.48 -0.73) (end 1.48 -0.73) (layer F.CrtYd) (width 0.05))
    (fp_line (start 1.48 -0.73) (end 1.48 0.73) (layer F.CrtYd) (width 0.05))
    (fp_line (start 1.48 0.73) (end -1.48 0.73) (layer F.CrtYd) (width 0.05))
    (fp_text user %R (at 0 0 90) (layer F.Fab)
      (effects (font (size 0.4 0.4) (thickness 0.06)))
    )
    (pad 1 smd roundrect (at -0.7875 0 270) (size 0.875 0.95) (layers F.Cu F.Paste F.Mask) (roundrect_rratio 0.25))
    (pad 2 smd roundrect (at 0.7875 0 270) (size 0.875 0.95) (layers F.Cu F.Paste F.Mask) (roundrect_rratio 0.25))
    (model ${KISYS3DMOD}/Capacitor_SMD.3dshapes/C_0603_1608Metric.wrl
      (at (xyz 0 0 0))
      (scale (xyz 1 1 1))
      (rotate (xyz 0 0 0))
    )
  )

  (module Capacitor_SMD:C_0603_1608Metric (layer B.Cu) (tedit 5B301BBE) (tstamp 5D8517AF)
    (at 154.0375 143.775)
    (descr "Capacitor SMD 0603 (1608 Metric), square (rectangular) end terminal, IPC_7351 nominal, (Body size source: http://www.tortai-tech.com/upload/download/2011102023233369053.pdf), generated with kicad-footprint-generator")
    (tags capacitor)
    (path /5E046233)
    (attr smd)
    (fp_text reference C13 (at 0.1375 -4.95 180) (layer B.SilkS)
      (effects (font (size 1 1) (thickness 0.15)) (justify mirror))
    )
    (fp_text value 100n (at 0 -1.43 180) (layer B.Fab)
      (effects (font (size 1 1) (thickness 0.15)) (justify mirror))
    )
    (fp_line (start -0.8 -0.4) (end -0.8 0.4) (layer B.Fab) (width 0.1))
    (fp_line (start -0.8 0.4) (end 0.8 0.4) (layer B.Fab) (width 0.1))
    (fp_line (start 0.8 0.4) (end 0.8 -0.4) (layer B.Fab) (width 0.1))
    (fp_line (start 0.8 -0.4) (end -0.8 -0.4) (layer B.Fab) (width 0.1))
    (fp_line (start -0.162779 0.51) (end 0.162779 0.51) (layer B.SilkS) (width 0.12))
    (fp_line (start -0.162779 -0.51) (end 0.162779 -0.51) (layer B.SilkS) (width 0.12))
    (fp_line (start -1.48 -0.73) (end -1.48 0.73) (layer B.CrtYd) (width 0.05))
    (fp_line (start -1.48 0.73) (end 1.48 0.73) (layer B.CrtYd) (width 0.05))
    (fp_line (start 1.48 0.73) (end 1.48 -0.73) (layer B.CrtYd) (width 0.05))
    (fp_line (start 1.48 -0.73) (end -1.48 -0.73) (layer B.CrtYd) (width 0.05))
    (fp_text user %R (at 0 0 180) (layer B.Fab)
      (effects (font (size 0.4 0.4) (thickness 0.06)) (justify mirror))
    )
    (pad 1 smd roundrect (at -0.7875 0) (size 0.875 0.95) (layers B.Cu B.Paste B.Mask) (roundrect_rratio 0.25))
    (pad 2 smd roundrect (at 0.7875 0) (size 0.875 0.95) (layers B.Cu B.Paste B.Mask) (roundrect_rratio 0.25))
    (model ${KISYS3DMOD}/Capacitor_SMD.3dshapes/C_0603_1608Metric.wrl
      (at (xyz 0 0 0))
      (scale (xyz 1 1 1))
      (rotate (xyz 0 0 0))
    )
  )

  (module Capacitor_SMD:C_0603_1608Metric (layer B.Cu) (tedit 5B301BBE) (tstamp 5D85179F)
    (at 129.35 152.8375 90)
    (descr "Capacitor SMD 0603 (1608 Metric), square (rectangular) end terminal, IPC_7351 nominal, (Body size source: http://www.tortai-tech.com/upload/download/2011102023233369053.pdf), generated with kicad-footprint-generator")
    (tags capacitor)
    (path /5D7A1583)
    (attr smd)
    (fp_text reference C2 (at 2.5875 -0.075 270) (layer B.SilkS)
      (effects (font (size 1 1) (thickness 0.15)) (justify mirror))
    )
    (fp_text value C (at 0 -1.43 270) (layer B.Fab)
      (effects (font (size 1 1) (thickness 0.15)) (justify mirror))
    )
    (fp_line (start -0.8 -0.4) (end -0.8 0.4) (layer B.Fab) (width 0.1))
    (fp_line (start -0.8 0.4) (end 0.8 0.4) (layer B.Fab) (width 0.1))
    (fp_line (start 0.8 0.4) (end 0.8 -0.4) (layer B.Fab) (width 0.1))
    (fp_line (start 0.8 -0.4) (end -0.8 -0.4) (layer B.Fab) (width 0.1))
    (fp_line (start -0.162779 0.51) (end 0.162779 0.51) (layer B.SilkS) (width 0.12))
    (fp_line (start -0.162779 -0.51) (end 0.162779 -0.51) (layer B.SilkS) (width 0.12))
    (fp_line (start -1.48 -0.73) (end -1.48 0.73) (layer B.CrtYd) (width 0.05))
    (fp_line (start -1.48 0.73) (end 1.48 0.73) (layer B.CrtYd) (width 0.05))
    (fp_line (start 1.48 0.73) (end 1.48 -0.73) (layer B.CrtYd) (width 0.05))
    (fp_line (start 1.48 -0.73) (end -1.48 -0.73) (layer B.CrtYd) (width 0.05))
    (fp_text user %R (at 0 0 270) (layer B.Fab)
      (effects (font (size 0.4 0.4) (thickness 0.06)) (justify mirror))
    )
    (pad 1 smd roundrect (at -0.7875 0 90) (size 0.875 0.95) (layers B.Cu B.Paste B.Mask) (roundrect_rratio 0.25))
    (pad 2 smd roundrect (at 0.7875 0 90) (size 0.875 0.95) (layers B.Cu B.Paste B.Mask) (roundrect_rratio 0.25))
    (model ${KISYS3DMOD}/Capacitor_SMD.3dshapes/C_0603_1608Metric.wrl
      (at (xyz 0 0 0))
      (scale (xyz 1 1 1))
      (rotate (xyz 0 0 0))
    )
  )

  (module Capacitor_SMD:C_0603_1608Metric (layer B.Cu) (tedit 5B301BBE) (tstamp 5D85178F)
    (at 129.8375 141.8 180)
    (descr "Capacitor SMD 0603 (1608 Metric), square (rectangular) end terminal, IPC_7351 nominal, (Body size source: http://www.tortai-tech.com/upload/download/2011102023233369053.pdf), generated with kicad-footprint-generator")
    (tags capacitor)
    (path /5D0E9D86)
    (attr smd)
    (fp_text reference C12 (at 0 1.43) (layer B.SilkS)
      (effects (font (size 1 1) (thickness 0.15)) (justify mirror))
    )
    (fp_text value 100n (at 0 -1.43) (layer B.Fab)
      (effects (font (size 1 1) (thickness 0.15)) (justify mirror))
    )
    (fp_text user %R (at 0 0) (layer B.Fab)
      (effects (font (size 0.4 0.4) (thickness 0.06)) (justify mirror))
    )
    (fp_line (start 1.48 -0.73) (end -1.48 -0.73) (layer B.CrtYd) (width 0.05))
    (fp_line (start 1.48 0.73) (end 1.48 -0.73) (layer B.CrtYd) (width 0.05))
    (fp_line (start -1.48 0.73) (end 1.48 0.73) (layer B.CrtYd) (width 0.05))
    (fp_line (start -1.48 -0.73) (end -1.48 0.73) (layer B.CrtYd) (width 0.05))
    (fp_line (start -0.162779 -0.51) (end 0.162779 -0.51) (layer B.SilkS) (width 0.12))
    (fp_line (start -0.162779 0.51) (end 0.162779 0.51) (layer B.SilkS) (width 0.12))
    (fp_line (start 0.8 -0.4) (end -0.8 -0.4) (layer B.Fab) (width 0.1))
    (fp_line (start 0.8 0.4) (end 0.8 -0.4) (layer B.Fab) (width 0.1))
    (fp_line (start -0.8 0.4) (end 0.8 0.4) (layer B.Fab) (width 0.1))
    (fp_line (start -0.8 -0.4) (end -0.8 0.4) (layer B.Fab) (width 0.1))
    (pad 2 smd roundrect (at 0.7875 0 180) (size 0.875 0.95) (layers B.Cu B.Paste B.Mask) (roundrect_rratio 0.25))
    (pad 1 smd roundrect (at -0.7875 0 180) (size 0.875 0.95) (layers B.Cu B.Paste B.Mask) (roundrect_rratio 0.25))
    (model ${KISYS3DMOD}/Capacitor_SMD.3dshapes/C_0603_1608Metric.wrl
      (at (xyz 0 0 0))
      (scale (xyz 1 1 1))
      (rotate (xyz 0 0 0))
    )
  )

  (module Button_Switch_SMD:SW_SPST_PTS645 (layer F.Cu) (tedit 5A02FC95) (tstamp 5D851774)
    (at 120.275 165.675 90)
    (descr "C&K Components SPST SMD PTS645 Series 6mm Tact Switch")
    (tags "SPST Button Switch")
    (path /5DC9D97E)
    (attr smd)
    (fp_text reference SW1 (at 0 -4.05 270) (layer F.SilkS) hide
      (effects (font (size 1 1) (thickness 0.15)))
    )
    (fp_text value Next (at 0 4.15 270) (layer F.Fab)
      (effects (font (size 1 1) (thickness 0.15)))
    )
    (fp_text user %R (at 0 -4.05 270) (layer F.Fab)
      (effects (font (size 1 1) (thickness 0.15)))
    )
    (fp_line (start -3 -3) (end -3 3) (layer F.Fab) (width 0.1))
    (fp_line (start -3 3) (end 3 3) (layer F.Fab) (width 0.1))
    (fp_line (start 3 3) (end 3 -3) (layer F.Fab) (width 0.1))
    (fp_line (start 3 -3) (end -3 -3) (layer F.Fab) (width 0.1))
    (fp_line (start 5.05 3.4) (end 5.05 -3.4) (layer F.CrtYd) (width 0.05))
    (fp_line (start -5.05 -3.4) (end -5.05 3.4) (layer F.CrtYd) (width 0.05))
    (fp_line (start -5.05 3.4) (end 5.05 3.4) (layer F.CrtYd) (width 0.05))
    (fp_line (start -5.05 -3.4) (end 5.05 -3.4) (layer F.CrtYd) (width 0.05))
    (fp_line (start 3.23 -3.23) (end 3.23 -3.2) (layer F.SilkS) (width 0.12))
    (fp_line (start 3.23 3.23) (end 3.23 3.2) (layer F.SilkS) (width 0.12))
    (fp_line (start -3.23 3.23) (end -3.23 3.2) (layer F.SilkS) (width 0.12))
    (fp_line (start -3.23 -3.2) (end -3.23 -3.23) (layer F.SilkS) (width 0.12))
    (fp_line (start 3.23 -1.3) (end 3.23 1.3) (layer F.SilkS) (width 0.12))
    (fp_line (start -3.23 -3.23) (end 3.23 -3.23) (layer F.SilkS) (width 0.12))
    (fp_line (start -3.23 -1.3) (end -3.23 1.3) (layer F.SilkS) (width 0.12))
    (fp_line (start -3.23 3.23) (end 3.23 3.23) (layer F.SilkS) (width 0.12))
    (fp_circle (center 0 0) (end 1.75 -0.05) (layer F.Fab) (width 0.1))
    (pad 2 smd rect (at -3.98 2.25 90) (size 1.55 1.3) (layers F.Cu F.Paste F.Mask))
    (pad 1 smd rect (at -3.98 -2.25 90) (size 1.55 1.3) (layers F.Cu F.Paste F.Mask))
    (pad 1 smd rect (at 3.98 -2.25 90) (size 1.55 1.3) (layers F.Cu F.Paste F.Mask))
    (pad 2 smd rect (at 3.98 2.25 90) (size 1.55 1.3) (layers F.Cu F.Paste F.Mask))
    (model ${KISYS3DMOD}/Button_Switch_SMD.3dshapes/SW_SPST_PTS645.wrl
      (at (xyz 0 0 0))
      (scale (xyz 1 1 1))
      (rotate (xyz 0 0 0))
    )
  )

  (module LED_THT:LED_D3.0mm (layer F.Cu) (tedit 587A3A7B) (tstamp 5D851762)
    (at 116.5 157.9 90)
    (descr "LED, diameter 3.0mm, 2 pins")
    (tags "LED diameter 3.0mm 2 pins")
    (path /5D6C9B02/5D69D9C8)
    (fp_text reference D2 (at -1.95 -1.15 180) (layer F.SilkS)
      (effects (font (size 1 1) (thickness 0.15)))
    )
    (fp_text value Charging (at 1.27 2.96 90) (layer F.Fab)
      (effects (font (size 1 1) (thickness 0.15)))
    )
    (fp_arc (start 1.27 0) (end -0.23 -1.16619) (angle 284.3) (layer F.Fab) (width 0.1))
    (fp_arc (start 1.27 0) (end -0.29 -1.235516) (angle 108.8) (layer F.SilkS) (width 0.12))
    (fp_arc (start 1.27 0) (end -0.29 1.235516) (angle -108.8) (layer F.SilkS) (width 0.12))
    (fp_arc (start 1.27 0) (end 0.229039 -1.08) (angle 87.9) (layer F.SilkS) (width 0.12))
    (fp_arc (start 1.27 0) (end 0.229039 1.08) (angle -87.9) (layer F.SilkS) (width 0.12))
    (fp_circle (center 1.27 0) (end 2.77 0) (layer F.Fab) (width 0.1))
    (fp_line (start -0.23 -1.16619) (end -0.23 1.16619) (layer F.Fab) (width 0.1))
    (fp_line (start -0.29 -1.236) (end -0.29 -1.08) (layer F.SilkS) (width 0.12))
    (fp_line (start -0.29 1.08) (end -0.29 1.236) (layer F.SilkS) (width 0.12))
    (fp_line (start -1.15 -2.25) (end -1.15 2.25) (layer F.CrtYd) (width 0.05))
    (fp_line (start -1.15 2.25) (end 3.7 2.25) (layer F.CrtYd) (width 0.05))
    (fp_line (start 3.7 2.25) (end 3.7 -2.25) (layer F.CrtYd) (width 0.05))
    (fp_line (start 3.7 -2.25) (end -1.15 -2.25) (layer F.CrtYd) (width 0.05))
    (pad 1 thru_hole rect (at 0 0 90) (size 1.8 1.8) (drill 0.9) (layers *.Cu *.Mask))
    (pad 2 thru_hole circle (at 2.54 0 90) (size 1.8 1.8) (drill 0.9) (layers *.Cu *.Mask))
    (model ${KISYS3DMOD}/LED_THT.3dshapes/LED_D3.0mm.wrl
      (at (xyz 0 0 0))
      (scale (xyz 1 1 1))
      (rotate (xyz 0 0 0))
    )
  )

  (module Capacitor_SMD:C_0603_1608Metric (layer B.Cu) (tedit 5B301BBE) (tstamp 5D851752)
    (at 115.8 146.6 180)
    (descr "Capacitor SMD 0603 (1608 Metric), square (rectangular) end terminal, IPC_7351 nominal, (Body size source: http://www.tortai-tech.com/upload/download/2011102023233369053.pdf), generated with kicad-footprint-generator")
    (tags capacitor)
    (path /5D0BBE2E)
    (attr smd)
    (fp_text reference C15 (at -0.05 -3) (layer B.SilkS)
      (effects (font (size 1 1) (thickness 0.15)) (justify mirror))
    )
    (fp_text value 100n (at 0 -1.43) (layer B.Fab)
      (effects (font (size 1 1) (thickness 0.15)) (justify mirror))
    )
    (fp_text user %R (at 0 0) (layer B.Fab)
      (effects (font (size 0.4 0.4) (thickness 0.06)) (justify mirror))
    )
    (fp_line (start 1.48 -0.73) (end -1.48 -0.73) (layer B.CrtYd) (width 0.05))
    (fp_line (start 1.48 0.73) (end 1.48 -0.73) (layer B.CrtYd) (width 0.05))
    (fp_line (start -1.48 0.73) (end 1.48 0.73) (layer B.CrtYd) (width 0.05))
    (fp_line (start -1.48 -0.73) (end -1.48 0.73) (layer B.CrtYd) (width 0.05))
    (fp_line (start -0.162779 -0.51) (end 0.162779 -0.51) (layer B.SilkS) (width 0.12))
    (fp_line (start -0.162779 0.51) (end 0.162779 0.51) (layer B.SilkS) (width 0.12))
    (fp_line (start 0.8 -0.4) (end -0.8 -0.4) (layer B.Fab) (width 0.1))
    (fp_line (start 0.8 0.4) (end 0.8 -0.4) (layer B.Fab) (width 0.1))
    (fp_line (start -0.8 0.4) (end 0.8 0.4) (layer B.Fab) (width 0.1))
    (fp_line (start -0.8 -0.4) (end -0.8 0.4) (layer B.Fab) (width 0.1))
    (pad 2 smd roundrect (at 0.7875 0 180) (size 0.875 0.95) (layers B.Cu B.Paste B.Mask) (roundrect_rratio 0.25))
    (pad 1 smd roundrect (at -0.7875 0 180) (size 0.875 0.95) (layers B.Cu B.Paste B.Mask) (roundrect_rratio 0.25))
    (model ${KISYS3DMOD}/Capacitor_SMD.3dshapes/C_0603_1608Metric.wrl
      (at (xyz 0 0 0))
      (scale (xyz 1 1 1))
      (rotate (xyz 0 0 0))
    )
  )

  (module Connector_PinHeader_1.27mm:PinHeader_2x03_P1.27mm_Vertical_SMD (layer B.Cu) (tedit 59FED6E3) (tstamp 5D851726)
    (at 143.875 141.975)
    (descr "surface-mounted straight pin header, 2x03, 1.27mm pitch, double rows")
    (tags "Surface mounted pin header SMD 2x03 1.27mm double row")
    (path /5D8D4A48)
    (attr smd)
    (fp_text reference J2 (at 1.9 -4.95) (layer B.SilkS) hide
      (effects (font (size 1 1) (thickness 0.15)) (justify mirror))
    )
    (fp_text value SWO (at 0 -2.965) (layer B.Fab)
      (effects (font (size 1 1) (thickness 0.15)) (justify mirror))
    )
    (fp_text user %R (at 0 0 270) (layer B.Fab)
      (effects (font (size 1 1) (thickness 0.15)) (justify mirror))
    )
    (fp_line (start 4.3 2.45) (end -4.3 2.45) (layer B.CrtYd) (width 0.05))
    (fp_line (start 4.3 -2.45) (end 4.3 2.45) (layer B.CrtYd) (width 0.05))
    (fp_line (start -4.3 -2.45) (end 4.3 -2.45) (layer B.CrtYd) (width 0.05))
    (fp_line (start -4.3 2.45) (end -4.3 -2.45) (layer B.CrtYd) (width 0.05))
    (fp_line (start 1.765 -1.9) (end 1.765 -1.965) (layer B.SilkS) (width 0.12))
    (fp_line (start -1.765 -1.9) (end -1.765 -1.965) (layer B.SilkS) (width 0.12))
    (fp_line (start 1.765 1.965) (end 1.765 1.9) (layer B.SilkS) (width 0.12))
    (fp_line (start -1.765 1.965) (end -1.765 1.9) (layer B.SilkS) (width 0.12))
    (fp_line (start -3.09 1.9) (end -1.765 1.9) (layer B.SilkS) (width 0.12))
    (fp_line (start -1.765 -1.965) (end 1.765 -1.965) (layer B.SilkS) (width 0.12))
    (fp_line (start -1.765 1.965) (end 1.765 1.965) (layer B.SilkS) (width 0.12))
    (fp_line (start 2.75 -1.47) (end 1.705 -1.47) (layer B.Fab) (width 0.1))
    (fp_line (start 2.75 -1.07) (end 2.75 -1.47) (layer B.Fab) (width 0.1))
    (fp_line (start 1.705 -1.07) (end 2.75 -1.07) (layer B.Fab) (width 0.1))
    (fp_line (start -2.75 -1.47) (end -1.705 -1.47) (layer B.Fab) (width 0.1))
    (fp_line (start -2.75 -1.07) (end -2.75 -1.47) (layer B.Fab) (width 0.1))
    (fp_line (start -1.705 -1.07) (end -2.75 -1.07) (layer B.Fab) (width 0.1))
    (fp_line (start 2.75 -0.2) (end 1.705 -0.2) (layer B.Fab) (width 0.1))
    (fp_line (start 2.75 0.2) (end 2.75 -0.2) (layer B.Fab) (width 0.1))
